chair:
  w: 1.0
  x: 0.22727126069504164
  y: -0.290512378436777
  z: 0.0
person:
  w: 1.0
  x: 0.07338207376214609
  y: -1.1440549017432045
  z: 0.0
